<TICKER>;<PER>;<DATE>;<TIME>;<OPEN>;<HIGH>;<LOW>;<CLOSE>;<VOL>
ROSN;D;200804;000000;35800;36006;35739;35874;2083
ROSN;D;200805;000000;35813;36362;35693;36215;3479
ROSN;D;200806;000000;36243;36779;36108;36675;6953
ROSN;D;200807;000000;36699;37561;36480;37120;4403
ROSN;D;200808;000000;37042;37214;36701;36925;3070
ROSN;D;200811;000000;37000;37257;36865;37042;2031
ROSN;D;200812;000000;37042;37403;36822;36900;3634
ROSN;D;200813;000000;37085;38065;37003;38010;4484
ROSN;D;200814;000000;38000;39106;37761;38885;6796
ROSN;D;200815;000000;38983;39120;38438;38932;4307
ROSN;D;200818;000000;38995;39500;38677;39040;4808
ROSN;D;200819;000000;38934;39591;38730;39324;4156
ROSN;D;200820;000000;39345;39449;38760;38856;2493
ROSN;D;200821;000000;38753;38753;38050;38307;3337
ROSN;D;200822;000000;38344;38703;37877;38369;4460
ROSN;D;200825;000000;38543;38979;38487;38915;2409
ROSN;D;200826;000000;38979;39449;38767;39383;3185
ROSN;D;200827;000000;39394;39941;39270;39844;7657
ROSN;D;200828;000000;39835;39908;38893;39061;3730
ROSN;D;200829;000000;39126;39156;37934;38111;3091
ROSN;D;200901;000000;38227;38553;37212;37366;3830
ROSN;D;200902;000000;37500;37610;37059;37453;3132
ROSN;D;200903;000000;37542;37837;36806;37225;5447
ROSN;D;200904;000000;37198;37305;36363;36649;4519
ROSN;D;200905;000000;36649;37318;36569;37313;5222
ROSN;D;200908;000000;37084;37397;36795;37221;4123
ROSN;D;200909;000000;37118;37300;36464;36831;4264
ROSN;D;200910;000000;36761;37700;36666;37700;2735
ROSN;D;200911;000000;37700;37806;37064;37216;934
ROSN;D;200912;000000;37115;37600;37050;37520;477
ROSN;D;200915;000000;37650;38195;37630;37862;1139
ROSN;D;200916;000000;37861;38967;37820;38950;1236
ROSN;D;200917;000000;38952;39411;38431;38747;4551
ROSN;D;200918;000000;38674;38700;38090;38475;3320
ROSN;D;200919;000000;38553;38655;37840;37979;2857
ROSN;D;200922;000000;37985;37985;36671;36993;4586
ROSN;D;200923;000000;36959;37740;36941;37686;3591
ROSN;D;200924;000000;37656;38060;36952;37375;5166
ROSN;D;200925;000000;37385;38051;37080;37846;3861
ROSN;D;200926;000000;37910;38301;37840;38287;4095
ROSN;D;200929;000000;38287;38725;38210;38689;2715
ROSN;D;200930;000000;38690;39000;38181;38500;2807
ROSN;D;201001;000000;38421;38844;38255;38451;2336
ROSN;D;201002;000000;38546;39056;38315;38613;3253
ROSN;D;201003;000000;38600;38600;37000;38157;5353
ROSN;D;201006;000000;38213;39224;38105;39154;4434
ROSN;D;201007;000000;39189;39697;39153;39164;2738
ROSN;D;201008;000000;39196;39370;38653;39030;2973
ROSN;D;201009;000000;39100;39597;38743;39381;4243
ROSN;D;201010;000000;39371;39371;38515;38798;3482
ROSN;D;201013;000000;38746;38996;38425;38511;2456
ROSN;D;201014;000000;38521;38605;37950;38059;2544
ROSN;D;201015;000000;38135;38650;37811;38641;2747
ROSN;D;201016;000000;38554;38654;38058;38234;1881
ROSN;D;201017;000000;38205;38570;37961;38407;1940
ROSN;D;201020;000000;38504;38683;38110;38233;2960
ROSN;D;201021;000000;38225;38736;38140;38648;2729
ROSN;D;201022;000000;38630;38717;38344;38560;1736
ROSN;D;201023;000000;38501;38647;38159;38353;2857
ROSN;D;201024;000000;38314;38324;38010;38170;1707
ROSN;D;201027;000000;38100;38107;37517;37675;3943
ROSN;D;201028;000000;37722;37805;37410;37450;2495
ROSN;D;201029;000000;37400;37400;35220;35294;8292
ROSN;D;201030;000000;35307;36534;34708;35443;8678
ROSN;D;201031;000000;35443;35444;34531;35157;5163
ROSN;D;201103;000000;35060;36100;34413;36100;6419
ROSN;D;201104;000000;36147;37800;36008;37562;4653
ROSN;D;201106;000000;37601;38867;37410;38374;4077
ROSN;D;201107;000000;38322;38600;37979;38356;4662
ROSN;D;201110;000000;38388;40638;37961;39652;8136
ROSN;D;201111;000000;39662;41999;39399;41550;5918
ROSN;D;201112;000000;41550;43064;41543;42090;10211
ROSN;D;201113;000000;42025;42086;41216;41425;6175
ROSN;D;201114;000000;41322;42045;41019;41914;4549
ROSN;D;201117;000000;42067;43681;41705;43210;8581
ROSN;D;201118;000000;43326;44366;42160;44000;11484
ROSN;D;201119;000000;43936;46141;43800;45511;16415
ROSN;D;201120;000000;45480;45520;44498;45300;7221
ROSN;D;201121;000000;45209;46619;44776;46535;11583
ROSN;D;201124;000000;46579;47300;46512;47109;8493
ROSN;D;201125;000000;47159;47774;46369;47385;10433
ROSN;D;201126;000000;47621;47621;46888;47440;5909
ROSN;D;201127;000000;47425;47425;46490;46578;4901
ROSN;D;201128;000000;46570;46700;45761;46194;7395
ROSN;D;201201;000000;46114;46114;44578;45030;8910
ROSN;D;201202;000000;45163;45319;44286;44755;6376
ROSN;D;201203;000000;44741;45237;44011;44918;6026
ROSN;D;201204;000000;44918;45065;42925;43698;8671
ROSN;D;201205;000000;43700;44772;43700;44578;6292
ROSN;D;201208;000000;44488;44621;43828;44005;3403
ROSN;D;201209;000000;43802;43862;42690;43292;4267
ROSN;D;201210;000000;43258;44341;43031;43988;6633
ROSN;D;201211;000000;44341;45731;44169;45520;344
ROSN;D;201212;000000;45910;46137;45079;45298;281
ROSN;D;201215;000000;45628;46477;44400;44686;626
ROSN;D;201216;000000;44319;45668;44005;45559;1313
ROSN;D;201217;000000;45510;46087;44255;45000;2465
ROSN;D;201218;000000;45000;45475;44380;44817;6357
ROSN;D;201219;000000;44704;44877;44361;44505;5369
ROSN;D;201222;000000;44501;44501;42211;42804;9301
ROSN;D;201223;000000;42703;43970;41971;43509;4168
ROSN;D;201224;000000;43460;43867;43121;43521;3611
ROSN;D;201225;000000;43529;44225;43386;44054;2758
ROSN;D;201226;000000;44114;44126;43760;44077;914
ROSN;D;201229;000000;44139;44417;43877;43999;1607
ROSN;D;201230;000000;43999;44449;43454;43832;2968
ROSN;D;201231;000000;43936;44230;43743;43941;2091
ROSN;D;210105;000000;43971;44735;43702;44026;4528
ROSN;D;210106;000000;44061;45499;43723;45322;8319
ROSN;D;210107;000000;45380;45800;44776;45648;6620
ROSN;D;210109;000000;45700;48421;45700;48157;8328
ROSN;D;210112;000000;47900;48360;46814;47717;6049
ROSN;D;210113;000000;47789;48270;46998;47800;5064
ROSN;D;210114;000000;47977;49700;47856;48951;15204
ROSN;D;210115;000000;49073;50868;48748;50868;13862
ROSN;D;210116;000000;50850;52138;50157;51600;22875
ROSN;D;210119;000000;51506;52220;50851;51920;16305
ROSN;D;210120;000000;51969;52727;51000;51326;14822
ROSN;D;210121;000000;51423;51737;51061;51393;4675
ROSN;D;210122;000000;51534;51800;49850;50020;11109
ROSN;D;210123;000000;50007;50007;48807;49607;8147
ROSN;D;210126;000000;49719;50550;49324;49815;9382
ROSN;D;210127;000000;49740;50099;49120;49648;7360
ROSN;D;210128;000000;49746;50077;48199;48431;7285
ROSN;D;210129;000000;48260;48798;47784;48585;6113
ROSN;D;210130;000000;48560;48560;47460;47578;5292
ROSN;D;210202;000000;47659;48080;47216;48011;7031
ROSN;D;210203;000000;48097;49138;48097;48481;9434
ROSN;D;210204;000000;48500;49653;48456;49294;7370
ROSN;D;210205;000000;49230;49893;48736;49120;8527
ROSN;D;210206;000000;49140;49870;49140;49621;8672
ROSN;D;210209;000000;49800;50499;49700;50306;6649
ROSN;D;210210;000000;50510;50713;49401;49696;7511
ROSN;D;210211;000000;49750;49985;49133;49449;5610
ROSN;D;210212;000000;49349;50360;49016;49834;7344
ROSN;D;210213;000000;49804;51146;49100;51146;19218
ROSN;D;210216;000000;51598;52397;51010;52376;10863
ROSN;D;210217;000000;52380;53088;52222;52820;10247
ROSN;D;210218;000000;52801;52985;50557;51691;11757
ROSN;D;210219;000000;51536;51900;50702;50802;8443
ROSN;D;210220;000000;50801;51650;50550;51402;8191
ROSN;D;210221;000000;51363;51544;51039;51407;2919
ROSN;D;210223;000000;51598;52634;51046;51706;6380
ROSN;D;210225;000000;51612;51995;51252;51974;8203
ROSN;D;210226;000000;51996;53750;51862;53013;16056
ROSN;D;210227;000000;52920;53426;52183;52525;11742
ROSN;D;210302;000000;52599;53108;52269;52453;7170
ROSN;D;210303;000000;52317;53063;52025;52680;8447
ROSN;D;210304;000000;52790;53730;52775;53384;10057
ROSN;D;210305;000000;53366;54999;53301;54000;18360
ROSN;D;210306;000000;54099;56213;54037;56213;16009
ROSN;D;210310;000000;56213;58060;55650;57088;19789
ROSN;D;210311;000000;57055;57350;55500;56000;6837
ROSN;D;210312;000000;56149;57087;56149;57000;388
ROSN;D;210313;000000;57030;57412;56657;57171;571
ROSN;D;210316;000000;57250;58010;57250;57615;1492
ROSN;D;210317;000000;57571;57805;56108;57051;4782
ROSN;D;210318;000000;57058;57465;55254;55549;8248
ROSN;D;210319;000000;55549;55955;54171;54451;8957
ROSN;D;210320;000000;54463;56131;54219;56090;7691
ROSN;D;210323;000000;55955;56691;55590;56314;6937
ROSN;D;210324;000000;56231;57443;55713;56595;13985
ROSN;D;210325;000000;56452;57753;56430;56949;10816
ROSN;D;210326;000000;56850;57459;56653;57454;9463
ROSN;D;210327;000000;57455;58537;57455;58370;11976
ROSN;D;210330;000000;58320;58591;57501;57693;9883
ROSN;D;210331;000000;57858;58115;56804;57125;6452
ROSN;D;210401;000000;57135;57632;56905;57372;5156
ROSN;D;210402;000000;57392;57799;56526;57212;9966
ROSN;D;210403;000000;57175;57366;56880;57027;2160
ROSN;D;210406;000000;57047;57148;56055;56252;5752
ROSN;D;210407;000000;56358;56623;54884;55055;7903
ROSN;D;210408;000000;55110;55866;54679;55473;6314
ROSN;D;210409;000000;55494;55806;54808;55241;3556
ROSN;D;210410;000000;55234;55238;53823;53915;6476
ROSN;D;210413;000000;53915;54223;53379;54081;10236
ROSN;D;210414;000000;54147;55255;53590;55205;7416
ROSN;D;210415;000000;55250;55750;54711;55387;6045
ROSN;D;210416;000000;55400;56380;54490;55828;8085
ROSN;D;210417;000000;55860;56200;54960;55536;6739
ROSN;D;210420;000000;55547;55682;54664;54854;4869
ROSN;D;210421;000000;54885;55446;53839;54200;5379
ROSN;D;210422;000000;54146;54801;53952;54689;3427
ROSN;D;210423;000000;54660;54731;53736;54289;6497
ROSN;D;210424;000000;54303;54365;53191;53672;9732
ROSN;D;210427;000000;53625;53787;52596;52847;5589
ROSN;D;210428;000000;52900;53186;52280;52676;4578
ROSN;D;210429;000000;52700;52772;52050;52667;7097
ROSN;D;210430;000000;52721;53381;52380;52613;7529
ROSN;D;210501;000000;52558;52747;51925;52363;4871
ROSN;D;210505;000000;52363;53541;52358;53528;6526
ROSN;D;210506;000000;53524;54400;53513;53606;7012
ROSN;D;210507;000000;53682;53986;53201;53582;5806
ROSN;D;210508;000000;53627;53989;53027;53410;5706
ROSN;D;210511;000000;53497;54917;53087;53900;7681
ROSN;D;210512;000000;53903;53903;52524;52870;7307
ROSN;D;210513;000000;52855;54798;52662;53932;11939
ROSN;D;210514;000000;53903;54870;53627;54692;7892
ROSN;D;210515;000000;54692;55000;53815;54199;7392
ROSN;D;210518;000000;54200;54277;53243;54214;5545
ROSN;D;210519;000000;54051;54756;53496;53663;7370
ROSN;D;210520;000000;53664;53664;52291;52552;6685
ROSN;D;210521;000000;52551;52800;51054;51301;9198
ROSN;D;210522;000000;51300;52450;51132;52107;5817
ROSN;D;210525;000000;52234;52730;51512;51968;3057
ROSN;D;210526;000000;52045;52645;51929;52050;5059
ROSN;D;210527;000000;52148;52771;51770;52198;4838
ROSN;D;210528;000000;52177;52224;51553;52098;4969
ROSN;D;210529;000000;52160;52285;51674;51958;3527
ROSN;D;210601;000000;52094;52730;51907;52673;6262
ROSN;D;210602;000000;52730;54284;52674;53999;15920
ROSN;D;210603;000000;53994;54721;53695;54721;7939
ROSN;D;210604;000000;54722;55654;53516;55361;10836
ROSN;D;210605;000000;55369;55776;54897;55111;6608
ROSN;D;210608;000000;55032;55200;54249;54610;5326
ROSN;D;210609;000000;54531;54769;53971;54500;6621
ROSN;D;210610;000000;54600;54862;54050;54267;6184
ROSN;D;210611;000000;54289;55200;53500;54266;5162
ROSN;D;210612;000000;54219;54599;53323;53660;2746
ROSN;D;210615;000000;53750;54888;53600;54521;3947
ROSN;D;210616;000000;54604;54903;53886;54396;2554
ROSN;D;210617;000000;54398;55335;54397;54805;4205
ROSN;D;210618;000000;54942;55172;54129;54405;11300
ROSN;D;210619;000000;54411;54928;53415;54747;6323
ROSN;D;210622;000000;54839;54952;54150;54803;4929
ROSN;D;210623;000000;54829;56027;54829;55882;8167
ROSN;D;210624;000000;55939;57800;55899;57660;11980
ROSN;D;210625;000000;57658;57936;57203;57204;10396
ROSN;D;210626;000000;57206;57381;56701;57079;4842
ROSN;D;210629;000000;57078;57151;55700;56033;11685
ROSN;D;210630;000000;56000;56474;55415;55940;12368
ROSN;D;210701;000000;56039;57894;55718;57740;26055
ROSN;D;210702;000000;57899;59273;57592;58700;20002
ROSN;D;210703;000000;58700;59162;56937;57331;20774
ROSN;D;210706;000000;57331;57580;56730;57434;8431
ROSN;D;210707;000000;57446;58680;57223;57710;20756
ROSN;D;210708;000000;57694;58900;57610;58707;14453
ROSN;D;210709;000000;58651;58752;57864;58744;11866
ROSN;D;210710;000000;58679;59200;58041;58374;13559
ROSN;D;210713;000000;58374;58480;57590;58442;5793
ROSN;D;210714;000000;58450;58949;57882;58107;8757
ROSN;D;210715;000000;58116;58831;57400;57468;9144
ROSN;D;210716;000000;57448;57563;56161;56750;9912
ROSN;D;210717;000000;56798;57530;56222;56812;9954
ROSN;D;210720;000000;56775;56775;54824;54953;11841
ROSN;D;210721;000000;55047;55595;54145;55251;8675
ROSN;D;210722;000000;55269;55822;54837;55760;6109
ROSN;D;210723;000000;55766;56159;55476;55829;4703
ROSN;D;210724;000000;55880;56070;55037;55409;4493
ROSN;D;210727;000000;55409;55740;54594;55740;5347
ROSN;D;210728;000000;55749;55807;55226;55548;2552
ROSN;D;210729;000000;55503;56049;55408;56023;2617
ROSN;D;210730;000000;56019;56262;55550;55961;5409
ROSN;D;210731;000000;55900;56015;54442;54968;6018
ROSN;D;210803;000000;54950;55512;54597;55306;6086
ROSN;D;210804;000000;55388;55547;54648;55389;4976
ROSN;D;210805;000000;55535;55738;54727;54786;5445
ROSN;D;210806;000000;54885;55244;54241;55226;7511
ROSN;D;210807;000000;55227;55639;54820;54886;5217
ROSN;D;210810;000000;54863;55145;53910;54925;9059
ROSN;D;210811;000000;54880;56739;54880;56632;9233
ROSN;D;210812;000000;56489;57167;56224;56512;6823
ROSN;D;210813;000000;56597;57088;56100;56843;7489
ROSN;D;210814;000000;56916;57196;55816;56176;10895
ROSN;D;210817;000000;56100;57015;55289;56723;13799
ROSN;D;210818;000000;56713;56752;55630;55770;17839
ROSN;D;210819;000000;55886;56331;55007;55095;7495
ROSN;D;210820;000000;55100;55251;53381;54090;12734
ROSN;D;210821;000000;54123;54170;53265;53650;4792
ROSN;D;210824;000000;53700;54831;53700;54768;6485
ROSN;D;210825;000000;54794;55158;54100;54769;11354
ROSN;D;210826;000000;54755;54825;53913;54130;6998
ROSN;D;210827;000000;54268;55500;53400;53405;7603
ROSN;D;210828;000000;53393;54059;53330;54010;4312
ROSN;D;210831;000000;54050;54345;53883;54145;4991
ROSN;D;210901;000000;54027;54255;53414;53571;12320
ROSN;D;210902;000000;53573;54306;53571;54306;21469
ROSN;D;210903;000000;54289;55780;54004;55214;26609
ROSN;D;210904;000000;55214;55819;55155;55660;9573
ROSN;D;210907;000000;55670;55900;54955;55207;7281
ROSN;D;210908;000000;55281;55582;54305;54817;7177
ROSN;D;210909;000000;54860;55980;54232;55650;12193
ROSN;D;210910;000000;55599;55681;54229;54333;11185
ROSN;D;210911;000000;54398;54986;53620;53950;4682
ROSN;D;210914;000000;54065;55373;53900;55246;3440
ROSN;D;210915;000000;55300;55776;54850;55168;3524
ROSN;D;210916;000000;55157;58288;55130;56302;15754
ROSN;D;210917;000000;56399;57770;55990;56835;22128
ROSN;D;210918;000000;56858;57379;55581;56186;17022
ROSN;D;210921;000000;56011;56020;54364;54787;23799
ROSN;D;210922;000000;54877;56149;54877;55757;25543
ROSN;D;210923;000000;55772;57978;55772;57650;22566
ROSN;D;210924;000000;57738;58990;57367;58937;29411
ROSN;D;210925;000000;58985;60612;58322;60454;33243
ROSN;D;210928;000000;60518;62161;60518;62055;17520
ROSN;D;210929;000000;62055;63089;60612;61000;34646
ROSN;D;210930;000000;60916;61554;60074;61199;14900
ROSN;D;211001;000000;61225;61800;60282;60699;16335
ROSN;D;211002;000000;60600;61199;59841;61084;14131
ROSN;D;211005;000000;61140;62900;59617;62269;41162
ROSN;D;211006;000000;62443;64950;61902;64850;31567
ROSN;D;211007;000000;64807;66100;62404;63780;32135
ROSN;D;211008;000000;63794;64333;62201;63908;24107
ROSN;D;211009;000000;64000;64756;63644;63966;16553
ROSN;D;211012;000000;64064;65538;63947;64953;12958
ROSN;D;211013;000000;64961;65099;64084;64701;8548
ROSN;D;211014;000000;64700;64816;62168;64025;14512
ROSN;D;211015;000000;64105;65702;64105;64831;14056
ROSN;D;211016;000000;64832;65495;64500;65299;8660
ROSN;D;211019;000000;65340;65758;64521;64654;10062
ROSN;D;211020;000000;64587;65000;64195;65000;8627
ROSN;D;211021;000000;65000;65189;64054;65051;7958
ROSN;D;211022;000000;65051;65147;63643;64013;9443
ROSN;D;211023;000000;64013;64687;63708;64105;8416
ROSN;D;211026;000000;64164;66249;63866;66200;13778
ROSN;D;211027;000000;66200;67200;65637;65772;14739
ROSN;D;211028;000000;65772;65872;64471;64511;9765
ROSN;D;211029;000000;64471;64834;62865;64726;13466
ROSN;D;211030;000000;64719;64945;63461;64133;7467
ROSN;D;211102;000000;64104;64900;64025;64890;4852
ROSN;D;211103;000000;64743;65208;63460;63649;9068
ROSN;D;211104;000000;63601;63601;62065;62475;10583
ROSN;D;211106;000000;62582;63167;60956;63160;14715
ROSN;D;211109;000000;63200;64266;63150;63685;11882
ROSN;D;211110;000000;63654;64300;63481;64046;8454
ROSN;D;211111;000000;64095;64732;63209;63438;14088
ROSN;D;211112;000000;63550;64099;62800;63959;11914
ROSN;D;211113;000000;63990;64170;61633;62355;15280
ROSN;D;211116;000000;62391;63405;61898;62642;9031
ROSN;D;211117;000000;62658;63317;62135;62538;8811
ROSN;D;211118;000000;62500;63029;62261;62360;7376
ROSN;D;211119;000000;62322;62547;61409;61832;9262
ROSN;D;211120;000000;61875;62303;59379;59452;15642
ROSN;D;211123;000000;59442;59722;57444;58462;20144
ROSN;D;211124;000000;58318;60649;57281;60474;17902
ROSN;D;211125;000000;60419;60898;58955;60058;13628
ROSN;D;211126;000000;60208;60495;59005;59303;6178
ROSN;D;211127;000000;59174;59174;55755;55755;15836
ROSN;D;211130;000000;55800;58104;55800;57507;15327
ROSN;D;211201;000000;57748;57886;55918;56897;13942
ROSN;D;211202;000000;56971;58391;56971;57197;10133
ROSN;D;211203;000000;57320;58547;56906;58367;18032
ROSN;D;211204;000000;58456;58604;57499;57772;8693
ROSN;D;211207;000000;57987;58395;56994;57755;11798
ROSN;D;211208;000000;57721;59258;57259;59110;14456
ROSN;D;211209;000000;59300;59680;57081;57663;15570
ROSN;D;211210;000000;57689;58121;57072;58000;7542
ROSN;D;211211;000000;57825;59016;57323;58380;2557
ROSN;D;211214;000000;58600;58783;54827;55000;1955
ROSN;D;211215;000000;55000;56839;51590;56163;2716
ROSN;D;211216;000000;56251;57219;55777;57141;3700
ROSN;D;211217;000000;57216;58928;57216;58451;7862
ROSN;D;211218;000000;58380;58439;57485;58395;5313
ROSN;D;211221;000000;58248;58248;56500;57718;8268
ROSN;D;211222;000000;57911;58702;57846;58626;7832
ROSN;D;211223;000000;58630;59379;58185;59053;10069
ROSN;D;211224;000000;59281;59382;58263;59050;5930
ROSN;D;211225;000000;58909;59019;57500;58325;4531
ROSN;D;211228;000000;58308;59344;58235;59340;4133
ROSN;D;211229;000000;59372;60979;59250;60659;6640
ROSN;D;211230;000000;60666;61045;59678;60279;5755
ROSN;D;211231;000000;60249;61219;59960;60942;3482
ROSN;D;220104;000000;60975;62381;60921;62065;5144
ROSN;D;220105;000000;62099;62719;61515;62323;4233
ROSN;D;220106;000000;62222;62558;59275;59904;7925
ROSN;D;220107;000000;60048;61428;59000;61075;8350
ROSN;D;220108;000000;61109;61698;60791;61511;1273
ROSN;D;220111;000000;61423;61891;60487;61165;5954
ROSN;D;220112;000000;61300;62430;60658;62155;6786
ROSN;D;220113;000000;62408;63977;61851;63679;9918
ROSN;D;220114;000000;63609;63650;60544;61255;13323
ROSN;D;220115;000000;61255;62020;58904;61455;17381
ROSN;D;220118;000000;61420;62208;58669;60067;14073
ROSN;D;220119;000000;60253;60722;53321;55222;26159
ROSN;D;220120;000000;55135;58318;53078;57464;22471
ROSN;D;220121;000000;57592;58858;56008;56910;14706
ROSN;D;220122;000000;56742;58677;56080;57174;16162
ROSN;D;220125;000000;57217;57407;53108;55504;21359
ROSN;D;220126;000000;55014;56237;52977;55479;16999
ROSN;D;220127;000000;55536;55725;53235;53915;23952
ROSN;D;220128;000000;53900;58482;53256;57020;25156
ROSN;D;220129;000000;57399;58196;56288;57319;16495
ROSN;D;220201;000000;57426;58628;57319;58413;7808
ROSN;D;220202;000000;58223;59050;57677;58131;9570
ROSN;D;220203;000000;58250;58672;57558;58199;6042
ROSN;D;220204;000000;58185;58185;56896;57480;7341
ROSN;D;220205;000000;57590;61214;56703;57700;24235
ROSN;D;220208;000000;57887;58348;56880;57615;8125
ROSN;D;220209;000000;57535;58084;56983;57618;8244
ROSN;D;220210;000000;57568;58795;57522;58298;11190
ROSN;D;220211;000000;58325;58381;57445;57532;11113
ROSN;D;220212;000000;57531;57783;54551;55261;25722
ROSN;D;220215;000000;55206;56747;53777;56058;21238
ROSN;D;220216;000000;56166;57950;56036;57065;15904
ROSN;D;220217;000000;57150;58055;56870;57649;9391
ROSN;D;220218;000000;57561;57660;54550;55368;13335
ROSN;D;220219;000000;55368;56040;51700;52283;15167
ROSN;D;220222;000000;52330;53727;39001;43985;78831
ROSN;D;220223;000000;43985;46230;38475;43405;97146
ROSN;D;220224;000000;43567;43841;39504;39749;8926
ROSN;D;220225;000000;39684;39684;10912;27720;41937
ROSN;D;220226;000000;27987;32032;27380;30900;25130
ROSN;D;220325;000000;30500;38815;28000;36000;1349
ROSN;D;220326;000000;36500;42244;34100;36200;1106
ROSN;D;220329;000000;36200;37284;35361;35866;591
ROSN;D;220330;000000;36435;41659;35029;39300;2161
ROSN;D;220331;000000;39338;40100;38685;39341;955
ROSN;D;220401;000000;39277;44040;39277;43611;2750
ROSN;D;220402;000000;43590;46100;43041;43827;2764
ROSN;D;220405;000000;44356;46443;43142;44257;2438
ROSN;D;220406;000000;45033;45033;40000;41980;4629
ROSN;D;220407;000000;41274;42789;40500;40950;3540
ROSN;D;220408;000000;41291;41777;40483;41275;1823
ROSN;D;220409;000000;41693;41952;39569;40426;1978
ROSN;D;220412;000000;40162;43011;39744;41429;4908
ROSN;D;220413;000000;41548;42184;39406;41024;4041
ROSN;D;220414;000000;41325;41353;40259;40966;2383
ROSN;D;220415;000000;41084;41195;39210;39210;3494
ROSN;D;220416;000000;39300;39834;38410;39253;3844
ROSN;D;220419;000000;39554;39803;38295;38704;3683
ROSN;D;220420;000000;38469;38979;36186;38700;5771
ROSN;D;220421;000000;39110;40333;37812;39492;7237
ROSN;D;220422;000000;39821;41132;38752;39150;4891
ROSN;D;220423;000000;39085;40800;38825;40168;4664
ROSN;D;220426;000000;39711;40126;39070;39070;4189
ROSN;D;220427;000000;39575;40420;39281;39560;3294
ROSN;D;220428;000000;39978;41347;39265;40017;3872
ROSN;D;220429;000000;40400;40760;39112;39990;3930
ROSN;D;220430;000000;40172;41160;40038;41160;2287
ROSN;D;220505;000000;41437;42132;39673;39709;3123
ROSN;D;220506;000000;40075;40454;39850;40040;1408
ROSN;D;220507;000000;39845;39933;39119;39400;1284
ROSN;D;220512;000000;39284;39935;38932;39400;3023
ROSN;D;220513;000000;39440;39440;37349;37600;3811
ROSN;D;220514;000000;38192;38233;36964;37871;2304
ROSN;D;220517;000000;37587;38699;37548;38333;3268
ROSN;D;220518;000000;38671;40000;38485;39940;2973
ROSN;D;220519;000000;39940;41075;39696;40571;3690
ROSN;D;220520;000000;41187;41881;39918;40106;2529
ROSN;D;220521;000000;40106;40700;38345;38828;3267
ROSN;D;220524;000000;39397;39463;36854;37033;2218
ROSN;D;220525;000000;36998;37033;35243;36168;5165
ROSN;D;220526;000000;36657;38445;35918;38002;5931
ROSN;D;220527;000000;39208;39619;37698;39060;6713
ROSN;D;220528;000000;39397;40821;38781;40375;6930
ROSN;D;220531;000000;40212;41590;38140;38512;9941
ROSN;D;220601;000000;38503;38780;37297;37800;5749
ROSN;D;220602;000000;37602;38300;37348;37895;3176
ROSN;D;220603;000000;37752;38021;36978;37209;2700
ROSN;D;220604;000000;37135;37401;36136;36839;3267
ROSN;D;220607;000000;37394;37550;36534;37125;4524
ROSN;D;220608;000000;37035;37036;36298;36890;3393
ROSN;D;220609;000000;37008;37666;36796;37350;3621
ROSN;D;220610;000000;37600;38471;36800;37311;3748
ROSN;D;220611;000000;37311;37533;36913;37278;2303
ROSN;D;220615;000000;37081;37420;36695;37241;2701
ROSN;D;220616;000000;37120;37627;36728;37350;1324
ROSN;D;220617;000000;37324;38818;37281;37618;3229
ROSN;D;220618;000000;37840;38010;36832;37500;1842
ROSN;D;220621;000000;36978;38200;36500;38200;1778
ROSN;D;220622;000000;38360;38449;37203;37220;2275
ROSN;D;220623;000000;37037;37530;36177;36908;3795
ROSN;D;220624;000000;36942;37100;36348;36934;2189
ROSN;D;220625;000000;36905;36905;36253;36612;1652
ROSN;D;220628;000000;36760;36886;36343;36550;1550
ROSN;D;220629;000000;36686;37370;36126;36922;4169
ROSN;D;220630;000000;36857;37395;36181;36650;4355
ROSN;D;220701;000000;36343;37629;33501;35930;8450
ROSN;D;220702;000000;37100;38400;34050;35986;6481
ROSN;D;220705;000000;36218;36810;35491;35849;2720
ROSN;D;220706;000000;35868;36380;35151;35900;2568
ROSN;D;220707;000000;35875;36501;35423;35590;2795
ROSN;D;220708;000000;35540;35851;34600;34650;6005
ROSN;D;220709;000000;34510;36269;34354;35851;7688
ROSN;D;220712;000000;35863;36250;34900;34925;3566
ROSN;D;220713;000000;34925;34925;33304;33700;3259
ROSN;D;220714;000000;34415;34415;32005;32432;4439
ROSN;D;220715;000000;32482;32961;31501;31992;6722
ROSN;D;220716;000000;31920;33725;31502;33599;6587
ROSN;D;220719;000000;33599;34055;32727;33064;2739
ROSN;D;220720;000000;32953;33142;32055;32548;2241
ROSN;D;220721;000000;32619;33809;32229;33462;4702
ROSN;D;220722;000000;33544;33655;32277;33357;3029
ROSN;D;220723;000000;33370;34539;33263;34400;3636
ROSN;D;220726;000000;34320;34575;33851;34071;2725
ROSN;D;220727;000000;34100;35263;34100;35018;4655
ROSN;D;220728;000000;35020;35718;34700;35309;3716
ROSN;D;220729;000000;35267;35532;34390;34779;3994
ROSN;D;220730;000000;34884;36017;34539;35689;4337
ROSN;D;220802;000000;35719;35799;34933;35211;3493
ROSN;D;220803;000000;35534;35534;33725;33941;5086
ROSN;D;220804;000000;33848;34167;33232;33445;3759
ROSN;D;220805;000000;33183;33275;32629;32740;2684
ROSN;D;220806;000000;32820;33056;31892;32601;4561
ROSN;D;220809;000000;33197;33942;32718;32943;3718
ROSN;D;220810;000000;33122;34318;32687;34188;3533
ROSN;D;220811;000000;34224;34298;33758;34150;2668
ROSN;D;220812;000000;34489;34907;33541;33541;2745
ROSN;D;220813;000000;33626;33969;33304;33776;2603
ROSN;D;220816;000000;33615;34154;32557;33815;1917
ROSN;D;220817;000000;34022;35141;33787;34971;5293
ROSN;D;220818;000000;35088;35350;34502;34668;3611
ROSN;D;220819;000000;34615;34970;34373;34808;2164
ROSN;D;220820;000000;34752;34902;34541;34657;1655
ROSN;D;220823;000000;34552;35300;34536;35202;3562
ROSN;D;220824;000000;35096;35824;34948;35714;3242
ROSN;D;220825;000000;35614;36171;35614;35940;2315
ROSN;D;220826;000000;35850;36199;35486;35780;2436
ROSN;D;220827;000000;35780;36373;35618;36323;2225
ROSN;D;220830;000000;36374;37063;36323;36973;2998
ROSN;D;220831;000000;36953;37136;36100;36155;3827
ROSN;D;220901;000000;36681;38240;36581;37053;5493
ROSN;D;220902;000000;36910;37746;36310;37539;4688
ROSN;D;220903;000000;37950;39112;37491;38501;9439
ROSN;D;220906;000000;38584;38920;37261;38678;3723
ROSN;D;220907;000000;38623;38689;36324;37651;7240
ROSN;D;220908;000000;37509;38370;36921;37403;5112
ROSN;D;220909;000000;37450;37647;36863;37524;3010
ROSN;D;220910;000000;37550;38187;37225;38047;3845
ROSN;D;220913;000000;37929;38400;37555;37960;3695
ROSN;D;220914;000000;37999;38142;37247;37339;4165
ROSN;D;220915;000000;37460;37777;36761;37556;1302
ROSN;D;220916;000000;37501;38128;36240;36732;4071
ROSN;D;220917;000000;36630;36896;35695;35835;3131
ROSN;D;220920;000000;35751;36086;35410;35635;2396
ROSN;D;220921;000000;35608;35608;31127;32990;9380
ROSN;D;220922;000000;32959;32974;28852;31216;8787
ROSN;D;220923;000000;31103;32258;30940;31453;3033
ROSN;D;220924;000000;31403;31706;29183;29487;4769
ROSN;D;220927;000000;29437;29437;25240;25749;11904
ROSN;D;220928;000000;25750;26988;25456;26715;9176
ROSN;D;220929;000000;26650;27339;25800;26325;5878
ROSN;D;220930;000000;26323;26820;24890;25683;7832
ROSN;D;221001;000000;25655;26893;24485;26276;10973
ROSN;D;221004;000000;26373;28728;26293;28635;6959
ROSN;D;221005;000000;28655;29157;27323;27899;8065
ROSN;D;221006;000000;27890;28501;26072;28210;7979
ROSN;D;221007;000000;27974;28950;27974;28350;4822
ROSN;D;221008;000000;28321;28641;26378;26385;6884
ROSN;D;221011;000000;26102;27440;25001;27417;7078
ROSN;D;221012;000000;27466;28294;27255;28194;3855
ROSN;D;221013;000000;28286;28855;27735;28826;3424
ROSN;D;221014;000000;28850;29577;28516;29438;5356
ROSN;D;221015;000000;29456;29808;28710;29270;4606
ROSN;D;221018;000000;29268;30822;29200;30785;4263
ROSN;D;221019;000000;30869;31276;29838;30000;5889
ROSN;D;221020;000000;30000;30300;29340;30181;6696
ROSN;D;221021;000000;30259;30840;30051;30500;5225
ROSN;D;221022;000000;30490;30684;29900;30616;5787
ROSN;D;221025;000000;30616;31233;30531;30758;5592
ROSN;D;221026;000000;30750;33382;30586;33380;8014
ROSN;D;221027;000000;33288;34426;32826;34270;6867
ROSN;D;221028;000000;34363;34996;34017;34644;5361
ROSN;D;221029;000000;34598;34720;34045;34449;22666
ROSN;D;221101;000000;34405;34600;33393;33625;20252
ROSN;D;221102;000000;33597;33798;33212;33516;24720
ROSN;D;221103;000000;33560;34164;33300;33620;4690
ROSN;D;221104;000000;33665;33847;33085;33710;5552
ROSN;D;221108;000000;33762;35905;33750;35867;19024
ROSN;D;221109;000000;35800;36093;35131;35400;25221
ROSN;D;221110;000000;35386;35506;34830;35042;17801
ROSN;D;221111;000000;35040;36140;34903;36009;22188
ROSN;D;221112;000000;36088;36522;35235;35965;9940
ROSN;D;221115;000000;35958;35989;35011;35201;5684
ROSN;D;221116;000000;35260;35477;32800;34020;8195
ROSN;D;221117;000000;34062;34715;34000;34399;4172
ROSN;D;221118;000000;34369;34446;33667;33810;4272
ROSN;D;221119;000000;33850;33899;33373;33777;3381
ROSN;D;221122;000000;33776;33777;32600;33251;5183
ROSN;D;221123;000000;33264;33812;33138;33578;4212
ROSN;D;221124;000000;33645;34048;33259;33867;4230
ROSN;D;221125;000000;33892;34040;33484;33589;2433
ROSN;D;221126;000000;33577;33778;33309;33709;2186
ROSN;D;221129;000000;33724;33724;32882;33372;3754
ROSN;D;221130;000000;33430;33839;33430;33595;2400
ROSN;D;221201;000000;33689;33737;33480;33720;1543
ROSN;D;221202;000000;33720;33900;33506;33702;2581
ROSN;D;221203;000000;33775;33776;33444;33579;1448
ROSN;D;221206;000000;33629;34509;33354;34059;5429
ROSN;D;221207;000000;34158;34328;33602;33668;2606
ROSN;D;221208;000000;33683;33789;33070;33567;3210
ROSN;D;221209;000000;33501;33671;33320;33422;1411
ROSN;D;221210;000000;33432;33835;33363;33598;1834
ROSN;D;221213;000000;33602;34007;33312;33537;2469
ROSN;D;221214;000000;33575;33805;33398;33736;10343
ROSN;D;221215;000000;33140;33179;32300;32331;1554
ROSN;D;221216;000000;32331;32426;31755;31755;1587
ROSN;D;221217;000000;31851;32252;31614;32191;27302
ROSN;D;221220;000000;32102;32911;31980;32440;17551
ROSN;D;221221;000000;32440;33490;32391;33470;3005
ROSN;D;221222;000000;33487;33925;33034;33534;4562
ROSN;D;221223;000000;33340;33825;33227;33458;2396
ROSN;D;221224;000000;33375;33579;32846;33395;2484
ROSN;D;221227;000000;33403;34111;33377;34033;2813
ROSN;D;221228;000000;34076;34501;34041;34384;2593
ROSN;D;221229;000000;34390;34601;34206;34465;3005
ROSN;D;221230;000000;34431;35000;34323;34900;2536
ROSN;D;221231;000000;34885;35400;34823;35275;2177
ROSN;D;230104;000000;35391;35999;35000;35480;8112
ROSN;D;230105;000000;35381;35409;34789;35133;11103
ROSN;D;230106;000000;35217;35385;35107;35219;1313
ROSN;D;230107;000000;35220;35379;35134;35156;664
ROSN;D;230110;000000;35199;35488;35186;35320;2379
ROSN;D;230111;000000;35345;35445;34700;35247;5770
ROSN;D;230112;000000;35223;35494;35026;35228;6554
ROSN;D;230113;000000;35209;35276;35048;35148;1735
ROSN;D;230114;000000;35152;35195;34963;35083;1382
ROSN;D;230117;000000;35157;35283;34962;35039;1130
ROSN;D;230118;000000;35039;35108;34519;34626;2060
ROSN;D;230119;000000;34622;35124;34468;34840;2472
ROSN;D;230120;000000;34853;34859;34253;34396;2269
ROSN;D;230121;000000;34484;34524;33878;34073;1733
ROSN;D;230124;000000;34185;34436;34060;34435;1820
ROSN;D;230125;000000;34424;34735;34045;34060;3083
ROSN;D;230126;000000;34049;34304;33950;34292;1578
ROSN;D;230127;000000;34219;34318;33739;33839;2076
ROSN;D;230128;000000;33841;34134;33730;34134;1232
ROSN;D;230131;000000;34142;34230;33906;34094;1638
ROSN;D;230201;000000;34094;34542;33991;34455;2435
ROSN;D;230202;000000;34480;34826;34400;34688;3023
ROSN;D;230203;000000;34649;34856;34475;34568;1605
ROSN;D;230204;000000;34508;34671;34208;34533;2946
ROSN;D;230207;000000;34617;35115;34415;35051;3293
ROSN;D;230208;000000;35069;36092;34986;35833;4198
ROSN;D;230209;000000;35908;36200;35059;35275;5328
ROSN;D;230210;000000;35236;35719;35005;35256;4556
ROSN;D;230211;000000;35298;35450;35105;35370;1822
ROSN;D;230214;000000;35278;35754;35200;35200;2182
ROSN;D;230215;000000;35186;35270;33000;34697;5426
ROSN;D;230216;000000;34590;34799;33715;34214;6148
ROSN;D;230217;000000;34360;34700;34265;34457;2421
ROSN;D;230218;000000;34491;34897;34170;34745;2949
ROSN;D;230221;000000;34767;35093;34096;34889;4340
ROSN;D;230222;000000;34902;35689;34748;35498;3752
ROSN;D;230223;000000;35430;35637;35128;35531;2330
ROSN;D;230225;000000;35575;35725;35180;35395;1658
ROSN;D;230228;000000;35509;36063;35206;35933;2628
ROSN;D;230301;000000;35944;36263;35759;35934;3058
ROSN;D;230302;000000;36001;36414;36000;36300;2300
ROSN;D;230303;000000;36334;36372;35531;35579;5620
ROSN;D;230304;000000;35604;36099;35555;36004;2978
ROSN;D;230307;000000;36004;36742;36004;36625;3192
ROSN;D;230308;000000;36752;36752;36381;36534;2573
ROSN;D;230310;000000;36565;36713;36323;36473;1998
ROSN;D;230311;000000;36450;36736;36061;36644;4536
ROSN;D;230314;000000;36689;36870;36063;36395;4684
ROSN;D;230315;000000;36333;36737;36251;36502;4015
ROSN;D;230316;000000;36732;36990;35901;35939;2286
ROSN;D;230317;000000;35995;36181;35593;36162;1776
ROSN;D;230318;000000;36162;36855;36062;36686;5190
ROSN;D;230321;000000;36691;38015;36649;37867;5632
ROSN;D;230322;000000;37967;38410;36985;37290;5780
ROSN;D;230323;000000;37291;37999;37086;37675;2829
ROSN;D;230324;000000;37693;37850;37285;37388;1746
ROSN;D;230325;000000;37404;37760;37355;37725;1532
ROSN;D;230328;000000;37799;38459;37779;38249;2894
ROSN;D;230329;000000;38304;38530;37678;37999;2638
ROSN;D;230330;000000;38034;38773;37758;38507;3662
ROSN;D;230331;000000;38624;38715;38253;38413;1827
ROSN;D;230401;000000;38440;38500;37417;37875;2632
ROSN;D;230404;000000;37950;39168;37850;38871;4633
ROSN;D;230405;000000;38877;39343;38663;38752;2672
ROSN;D;230406;000000;38770;38991;38346;38857;2213
ROSN;D;230407;000000;38868;39166;38650;38701;2196
ROSN;D;230408;000000;38749;38931;38500;38816;1408
ROSN;D;230411;000000;38892;39500;38892;39189;2154
ROSN;D;230412;000000;39192;39479;38321;38592;9798
ROSN;D;230413;000000;38525;39019;38525;38880;20297
ROSN;D;230414;000000;38913;39100;38495;38694;1340
ROSN;D;230415;000000;38694;39350;38202;39100;3247
ROSN;D;230418;000000;39098;39484;39098;39300;1675
ROSN;D;230419;000000;39300;39648;39115;39394;2016
ROSN;D;230420;000000;39362;39999;39210;39300;2345
ROSN;D;230421;000000;39277;39428;38537;39113;4743
ROSN;D;230422;000000;39111;39616;38909;39412;2127
ROSN;D;230425;000000;39413;39618;39246;39465;1946
ROSN;D;230426;000000;39469;39578;38800;38882;1204
ROSN;D;230427;000000;38905;39335;38811;38936;1185
ROSN;D;230428;000000;38927;39156;38848;39125;1269
ROSN;D;230429;000000;39155;39399;38731;38976;2203
ROSN;D;230503;000000;39000;39667;38793;39176;3632
ROSN;D;230504;000000;39126;39186;37792;37934;4164
ROSN;D;230505;000000;37912;38291;37649;38187;2101
ROSN;D;230506;000000;38187;38659;37910;38065;1894
ROSN;D;230509;000000;38152;38415;38150;38329;677
ROSN;D;230511;000000;38444;39633;38281;39463;3298
ROSN;D;230512;000000;39497;40317;39012;39469;3366
ROSN;D;230513;000000;39579;40023;39315;40023;2758
ROSN;D;230516;000000;40055;41114;40051;40962;3924
ROSN;D;230517;000000;41198;41538;40759;41302;3987
ROSN;D;230518;000000;41360;42100;40756;41679;3872
ROSN;D;230519;000000;41709;41951;41396;41556;3395
ROSN;D;230520;000000;41508;41820;41200;41551;2188
ROSN;D;230523;000000;41551;42997;41551;42615;4026
ROSN;D;230524;000000;42617;42901;42131;42783;4692
ROSN;D;230525;000000;42824;43962;42494;43710;6434
ROSN;D;230526;000000;43878;43999;43000;43150;5806
ROSN;D;230527;000000;43165;43543;42653;43455;3325
ROSN;D;230530;000000;43498;44430;43498;44090;3826
ROSN;D;230531;000000;44056;44410;43312;43471;5884
ROSN;D;230601;000000;43400;45128;43190;44955;5835
ROSN;D;230602;000000;44999;45835;44861;45037;4992
ROSN;D;230603;000000;45140;45850;45140;45850;1969
ROSN;D;230606;000000;45850;47244;45490;45855;7348
ROSN;D;230607;000000;45680;46346;44959;46164;4568
ROSN;D;230608;000000;46146;46787;45630;45987;4790
ROSN;D;230609;000000;45914;46419;45638;45880;3846
ROSN;D;230610;000000;45873;46443;45715;46443;1748
ROSN;D;230614;000000;46424;47970;46424;47935;5468
ROSN;D;230615;000000;47302;47948;46610;46924;2790
ROSN;D;230616;000000;46925;47316;46604;47272;2210
ROSN;D;230617;000000;47230;47599;46829;47077;2679
ROSN;D;230620;000000;47148;47812;46815;47523;3651
ROSN;D;230621;000000;47588;48100;46464;47319;5892
ROSN;D;230622;000000;47298;47564;46945;47099;1750
ROSN;D;230623;000000;47114;47224;46076;46587;3130
ROSN;D;230624;000000;46600;47026;45629;45818;3771
ROSN;D;230627;000000;46048;46872;45458;46440;3600
ROSN;D;230628;000000;46462;47071;46153;46573;2381
ROSN;D;230629;000000;46632;46935;46414;46672;1515
ROSN;D;230630;000000;46691;47400;46651;47115;2496
ROSN;D;230701;000000;47115;47394;46999;47127;1400
ROSN;D;230704;000000;47240;47451;46601;46704;2160
ROSN;D;230705;000000;46740;46826;46032;46251;2471
ROSN;D;230706;000000;46357;46800;46213;46350;1275
ROSN;D;230707;000000;46351;46966;46291;46622;1852
ROSN;D;230708;000000;46657;47250;46382;47199;3426
ROSN;D;230711;000000;47199;48399;47156;48337;4675
ROSN;D;230712;000000;48340;48599;48171;48408;1546
ROSN;D;230713;000000;48412;49477;48412;49313;3238
ROSN;D;230714;000000;49367;50125;48840;49445;3834
ROSN;D;230715;000000;49366;49643;49032;49470;1028
ROSN;D;230718;000000;49470;49851;49106;49609;2454
ROSN;D;230719;000000;49600;50008;49391;49767;1355
ROSN;D;230720;000000;49767;49967;48924;49379;3608
ROSN;D;230721;000000;49383;49420;48251;48260;3047
ROSN;D;230722;000000;48750;49075;48302;49048;2496
ROSN;D;230725;000000;49040;49196;48750;48901;1359
ROSN;D;230726;000000;48996;49931;48908;49618;3224
ROSN;D;230727;000000;49617;49850;49340;49495;1452
ROSN;D;230728;000000;49451;50187;49450;50063;3059
ROSN;D;230729;000000;50064;50799;49949;50750;2685
ROSN;D;230801;000000;51000;51727;50752;51531;3291
ROSN;D;230802;000000;51551;52469;50915;52390;3877
ROSN;D;230803;000000;52391;52982;51910;52886;3448
ROSN;D;230804;000000;52810;53571;52523;53281;3121
ROSN;D;230805;000000;53384;54502;51787;52823;7377
ROSN;D;230808;000000;52949;54633;52477;53084;5345
ROSN;D;230809;000000;53196;53459;52279;53372;3408
ROSN;D;230810;000000;53369;53964;53126;53895;2712
ROSN;D;230811;000000;53934;54406;53830;54128;1913
ROSN;D;230812;000000;54170;55535;53531;55500;4464
ROSN;D;230815;000000;55426;57043;54119;54490;10112
ROSN;D;230816;000000;54347;56624;53610;55252;7098
ROSN;D;230817;000000;55200;55560;52847;53797;5907
ROSN;D;230818;000000;53639;55036;53565;55000;3438
ROSN;D;230819;000000;54963;55400;54518;55363;2522
ROSN;D;230822;000000;55436;55774;54983;55180;2819
ROSN;D;230823;000000;55131;55610;54801;55539;2142
ROSN;D;230824;000000;55550;55854;53650;53974;4720
ROSN;D;230825;000000;54130;54700;53833;54536;2000
ROSN;D;230826;000000;54649;54750;54100;54467;1509
ROSN;D;230829;000000;54373;55135;54306;55052;2534
ROSN;D;230830;000000;55101;56300;54450;56279;2977
ROSN;D;230831;000000;56270;56900;55534;56158;5868
ROSN;D;230901;000000;56238;56448;55848;56044;1707
ROSN;D;230902;000000;56074;56450;55768;56401;2586
ROSN;D;230905;000000;56407;57260;56405;57176;2811
ROSN;D;230906;000000;57173;57977;57000;57949;5321
ROSN;D;230907;000000;57900;58581;57354;58260;4647
ROSN;D;230908;000000;58391;58689;55793;56652;7730
ROSN;D;230909;000000;56673;56970;55414;55807;4066
ROSN;D;230912;000000;55807;55907;54396;54928;4200
ROSN;D;230913;000000;55026;56385;54782;56302;3029
ROSN;D;230914;000000;56212;56246;55449;55696;1212
ROSN;D;230915;000000;55761;56076;54251;55895;4069
ROSN;D;230916;000000;55737;56409;55282;56301;3474
ROSN;D;230919;000000;56370;57162;55773;55837;2848
ROSN;D;230920;000000;55886;56094;54301;54517;8737
ROSN;D;230921;000000;54650;54946;53690;53890;2720
ROSN;D;230922;000000;53890;54000;52602;52666;5566
ROSN;D;230923;000000;52799;53186;51928;53068;8435
ROSN;D;230926;000000;53067;53740;52748;53674;7651
ROSN;D;230927;000000;53466;53493;52400;53063;4764
ROSN;D;230928;000000;53355;54400;53102;54271;5908
ROSN;D;230929;000000;54354;54856;54165;54745;5073
ROSN;D;230930;000000;54800;55300;54429;55016;6053
ROSN;D;231003;000000;55075;55821;54690;54820;6006
ROSN;D;231004;000000;54702;55555;54003;55335;4913
ROSN;D;231005;000000;55383;55683;54651;54674;4433
ROSN;D;231006;000000;54792;55187;54318;54757;3398
ROSN;D;231007;000000;54688;54864;54282;54721;3231
ROSN;D;231010;000000;54787;56504;54787;56348;7382
ROSN;D;231011;000000;56252;56741;55963;56110;2693
ROSN;D;231012;000000;56102;57270;55183;55329;6875
ROSN;D;231013;000000;55328;56010;54881;55879;4644
ROSN;D;231014;000000;55880;57257;55804;57207;3923
ROSN;D;231017;000000;57293;58099;56850;58003;4591
ROSN;D;231018;000000;58049;58493;57701;58469;3164
ROSN;D;231019;000000;58424;60259;58424;59799;8363
ROSN;D;231020;000000;59799;60771;59232;60689;6077
ROSN;D;231021;000000;60687;61712;59872;61534;7457
ROSN;D;231024;000000;61445;61869;60303;60543;4014
ROSN;D;231025;000000;60578;60747;59704;59845;2846
ROSN;D;231026;000000;59780;60727;59200;60363;4637
ROSN;D;231027;000000;60403;60649;59440;59558;4357
ROSN;D;231028;000000;59561;60990;58774;60750;6324
ROSN;D;231031;000000;60758;60784;59896;60045;2761
ROSN;D;231101;000000;60032;60054;58426;58720;4495
ROSN;D;231102;000000;58722;59879;58503;59124;3743
ROSN;D;231103;000000;59196;60199;59164;59916;2931
ROSN;D;231104;000000;59925;60207;59000;59326;3020
ROSN;D;231107;000000;59389;60139;59284;60035;2563
ROSN;D;231108;000000;60184;60195;59455;59675;2229
ROSN;D;231109;000000;59491;60028;59165;59345;3286
ROSN;D;231110;000000;59258;59990;58814;59614;4522
ROSN;D;231111;000000;59676;61239;59478;61000;10197
ROSN;D;231114;000000;60776;61229;60512;60838;4339
ROSN;D;231115;000000;60792;60816;59260;60006;4667
ROSN;D;231116;000000;60111;60200;59033;59651;7463
ROSN;D;231117;000000;59647;59700;58231;58446;2984
ROSN;D;231118;000000;58440;59300;57903;59263;4181
ROSN;D;231121;000000;59170;59634;59009;59085;2072
ROSN;D;231122;000000;59042;59366;58587;59366;3098
ROSN;D;231123;000000;59339;59632;58752;59040;5286
ROSN;D;231124;000000;59160;59170;58834;58975;1459
ROSN;D;231125;000000;58999;59326;58002;58605;3757
ROSN;D;231128;000000;58518;59215;58234;58666;4055
ROSN;D;231129;000000;58667;59775;57985;59775;4408
ROSN;D;231130;000000;59776;60100;59048;60035;4001
ROSN;D;231201;000000;60344;60689;58911;59113;8064
ROSN;D;231202;000000;59226;59228;58030;58130;4582
ROSN;D;231205;000000;58235;58236;56819;57085;4783
ROSN;D;231206;000000;57132;58220;56863;58005;3870
ROSN;D;231207;000000;58021;58079;56903;57113;4107
ROSN;D;231208;000000;57193;57450;56146;56500;6985
ROSN;D;231209;000000;56810;57144;56405;56944;3446
ROSN;D;231212;000000;56740;57184;55703;55896;3947
ROSN;D;231213;000000;56032;56239;54856;55375;5411
ROSN;D;231214;000000;55300;55979;54758;55929;3168
ROSN;D;231215;000000;55936;56103;53847;53868;6322
ROSN;D;231216;000000;53895;56452;53846;56350;7107
ROSN;D;231219;000000;56220;57079;56203;56752;8805
ROSN;D;231220;000000;56753;57445;56415;57381;11816
ROSN;D;231221;000000;57305;58415;56909;57241;4211
ROSN;D;231222;000000;57242;57478;56627;57248;2982
ROSN;D;231223;000000;57249;58186;57180;58130;1820
ROSN;D;231226;000000;58230;58465;57531;57745;1838
ROSN;D;231227;000000;57706;58900;57659;58727;3070
ROSN;D;231228;000000;58780;59161;58521;58952;2703
ROSN;D;231229;000000;58921;59076;58027;58700;3820
ROSN;D;231230;000000;58721;58955;57900;58402;2594
ROSN;D;240104;000000;58360;59821;58207;59800;2196
ROSN;D;240105;000000;59652;59940;59259;59347;1426
ROSN;D;240106;000000;59340;59737;58988;59441;1809
ROSN;D;240109;000000;59441;59788;59116;59200;2971
ROSN;D;240110;000000;59257;59384;58821;59077;2931
ROSN;D;240111;000000;59119;59246;58578;59105;3451
ROSN;D;240112;000000;59099;60058;58986;59879;7285
ROSN;D;240113;000000;59831;60828;59798;60338;4199
ROSN;D;240116;000000;60459;60592;59750;59905;3069
ROSN;D;240117;000000;59932;59999;59586;59676;1808
ROSN;D;240118;000000;59669;59805;58750;59219;3847
ROSN;D;240119;000000;59194;59635;58892;59137;2274
ROSN;D;240120;000000;59165;59520;58694;59250;6062
ROSN;D;240123;000000;59364;59653;59257;59566;3292
ROSN;D;240124;000000;59544;59711;59288;59687;2191
ROSN;D;240125;000000;59689;59866;58865;59177;2657
ROSN;D;240126;000000;59130;59299;58804;59085;5519
ROSN;D;240127;000000;59237;59412;58741;58914;2246
ROSN;D;240130;000000;58914;59629;58844;59180;8112
ROSN;D;240131;000000;59226;59364;58752;58861;4144
ROSN;D;240201;000000;58962;59082;58580;58906;4358
ROSN;D;240202;000000;59012;59586;58872;58981;3847
ROSN;D;240203;000000;59077;59784;58815;59765;4210
ROSN;D;240206;000000;59800;60582;59751;60422;6741
ROSN;D;240207;000000;60385;60662;60313;60618;1865
ROSN;D;240208;000000;60633;60920;60134;60201;3003
ROSN;D;240209;000000;60264;60360;59190;60021;6136
ROSN;D;240210;000000;60022;60475;59758;60103;2629
ROSN;D;240213;000000;60202;60364;59600;60051;3212
ROSN;D;240214;000000;60055;60495;60014;60324;3505
ROSN;D;240215;000000;60370;60591;59962;60008;1765
ROSN;D;240216;000000;60177;60177;59722;59985;2511
ROSN;D;240217;000000;60083;60148;59222;59443;3388
ROSN;D;240220;000000;59350;59854;59043;59543;3007
ROSN;D;240221;000000;59647;59648;57923;58148;5061
ROSN;D;240222;000000;58134;58530;56915;57147;15448
ROSN;D;240223;000000;57277;57392;56643;56908;3529
ROSN;D;240227;000000;57200;58500;57200;58242;4950
ROSN;D;240228;000000;58152;58259;57326;57492;1871
ROSN;D;240229;000000;57600;57718;57145;57480;4144
ROSN;D;240301;000000;57476;58709;57332;58501;4387
ROSN;D;240302;000000;58450;58692;57860;58329;4120
ROSN;D;240305;000000;58443;58861;58311;58711;4107
ROSN;D;240306;000000;58704;59332;58398;58969;3425
ROSN;D;240307;000000;58911;59508;58861;58989;1657
ROSN;D;240308;000000;59001;59360;58692;59360;4004
ROSN;D;240312;000000;59331;59568;59047;59160;3288
ROSN;D;240313;000000;59180;59242;58818;59172;2376
ROSN;D;240314;000000;59099;59131;58300;58375;4527
ROSN;D;240315;000000;58375;58803;58031;58608;8252
ROSN;D;240316;000000;58608;58859;58076;58511;7486
ROSN;D;240319;000000;58300;58732;58067;58339;5613
ROSN;D;240320;000000;58298;58480;55744;56656;18451
ROSN;D;240321;000000;58946;59098;57576;58357;5676
ROSN;D;240322;000000;58300;59601;57927;58554;7771
ROSN;D;240323;000000;58625;58890;57311;57762;6504
ROSN;D;240326;000000;57804;58259;57131;57961;4820
ROSN;D;240327;000000;58120;58194;57595;57870;3035
ROSN;D;240328;000000;57857;58080;57382;57853;2461
ROSN;D;240329;000000;57866;58850;57819;58798;8920
ROSN;D;240330;000000;58798;59149;58559;58855;3730
ROSN;D;240402;000000;58900;59557;58900;59178;8680
ROSN;D;240403;000000;59200;59650;58961;59438;5902
ROSN;D;240404;000000;59582;60041;59425;59832;6304
ROSN;D;240405;000000;59872;60076;59676;59973;4945
ROSN;D;240406;000000;60085;60200;59402;59710;4039
ROSN;D;240409;000000;59700;59953;59105;59517;4018
ROSN;D;240410;000000;59465;59590;58550;58675;5819
ROSN;D;240411;000000;58675;59320;58522;59318;5413
ROSN;D;240412;000000;59305;59775;59078;59426;4356
ROSN;D;240413;000000;59360;59827;59360;59534;2522
ROSN;D;240416;000000;59683;60746;59482;60653;4415
ROSN;D;240417;000000;60704;61111;60352;60750;3545
ROSN;D;240418;000000;60849;60900;59949;60097;3160
ROSN;D;240419;000000;60097;60278;59386;59578;2346
ROSN;D;240420;000000;59767;60476;59464;60200;2795
ROSN;D;240423;000000;60432;60551;59666;59922;4171
ROSN;D;240424;000000;59951;60383;59460;59513;7035
ROSN;D;240425;000000;59555;59785;58642;59161;3564
ROSN;D;240426;000000;59247;59689;58911;59513;3965
ROSN;D;240427;000000;59525;60000;59387;59649;2641
ROSN;D;240428;000000;59650;59940;59600;59661;2189
ROSN;D;240430;000000;59690;59880;59600;59793;1443
ROSN;D;240501;000000;59790;59900;59498;59823;1490
ROSN;D;240503;000000;59602;60150;59225;59696;5843
ROSN;D;240504;000000;59694;59970;59454;59610;4731
ROSN;D;240507;000000;59670;59861;59198;59233;2938
ROSN;D;240508;000000;59367;59656;59221;59231;1361
ROSN;D;240509;000000;59253;59420;58975;59135;1892
ROSN;D;240511;000000;59135;59401;59019;59048;2524
ROSN;D;240514;000000;59098;60125;59011;60040;4893
ROSN;D;240515;000000;60080;60489;59920;60129;4127
ROSN;D;240516;000000;60250;60990;60050;60990;4212
ROSN;D;240517;000000;60996;61270;59902;60387;4470
ROSN;D;240518;000000;60462;60700;60137;60282;3029
ROSN;D;240521;000000;60293;60650;59408;60094;5478
ROSN;D;240522;000000;60249;60698;59957;60450;4448
ROSN;D;240523;000000;60450;60650;60178;60504;3493
ROSN;D;240524;000000;60505;60611;59888;60424;3162
ROSN;D;240525;000000;60421;60451;59087;59290;5352
ROSN;D;240528;000000;59390;59586;57663;58580;8961
ROSN;D;240529;000000;58615;59236;57519;58137;7217
ROSN;D;240530;000000;58180;58715;57829;58383;3628
ROSN;D;240531;000000;58383;58818;56113;57325;8017
ROSN;D;240601;000000;57550;57854;56222;56520;6957
ROSN;D;240604;000000;56648;57010;54810;56910;8742
ROSN;D;240605;000000;56946;57523;56142;57451;4832
ROSN;D;240606;000000;57505;58000;56564;56740;4821
ROSN;D;240607;000000;56714;57499;56673;57129;2352
ROSN;D;240608;000000;57172;58063;56995;57695;3102
ROSN;D;240611;000000;57870;58095;56400;56640;4007
ROSN;D;240612;000000;56911;56943;55963;56696;2596
ROSN;D;240614;000000;55236;56268;53000;55795;5277
ROSN;D;240615;000000;55859;57240;55410;56699;9903
ROSN;D;240618;000000;56700;57502;56506;56811;11852
ROSN;D;240619;000000;56688;56889;55495;55530;11334
ROSN;D;240620;000000;56249;56469;53970;54402;7537
ROSN;D;240621;000000;54470;56740;53199;56205;10480
ROSN;D;240622;000000;56395;56840;55115;55479;9802
ROSN;D;240625;000000;55470;56266;54804;55120;5054
ROSN;D;240626;000000;55040;56049;54568;56012;7077
ROSN;D;240627;000000;56145;56376;55853;56250;2787
ROSN;D;240628;000000;56299;56505;55632;56050;2307
ROSN;D;240629;000000;56200;56476;55958;56450;2921
ROSN;D;240702;000000;56447;57597;56239;57398;5502
ROSN;D;240703;000000;57390;57600;56761;56941;4491
ROSN;D;240704;000000;56941;57444;56618;56976;5338
ROSN;D;240705;000000;57043;57116;55345;55601;5012
ROSN;D;240706;000000;55730;55844;54819;54911;6855
ROSN;D;240709;000000;54950;55827;54922;55333;5842
ROSN;D;240710;000000;55589;56000;54461;54471;9946
ROSN;D;240711;000000;54470;54570;52031;52288;9980
ROSN;D;240712;000000;52285;54585;52285;54463;6179
ROSN;D;240713;000000;54599;54842;53830;54570;4613
ROSN;D;240716;000000;54567;54762;51933;52540;10595
ROSN;D;240717;000000;52540;53905;52157;53365;9266
ROSN;D;240718;000000;53484;53496;52470;52687;3588
ROSN;D;240719;000000;52890;53559;52503;53342;5125
ROSN;D;240720;000000;53355;54437;53250;53999;4414
ROSN;D;240723;000000;54298;55094;54246;54779;5147
ROSN;D;240724;000000;54791;55127;54179;54744;2543
ROSN;D;240725;000000;54733;55365;54406;54771;2786
ROSN;D;240726;000000;54997;55110;54587;54771;2704
ROSN;D;240727;000000;54890;55384;53314;53533;7603
ROSN;D;240730;000000;53498;53530;51025;51759;8927
ROSN;D;240731;000000;51601;52800;51016;52800;7345
ROSN;D;240801;000000;52800;53200;52369;52961;3711
ROSN;D;240802;000000;52963;53110;51793;51870;5594
ROSN;D;240803;000000;51989;52302;51513;51662;4274
ROSN;D;240806;000000;51213;51459;50128;50600;8657
ROSN;D;240807;000000;50712;51340;50342;50697;2921
ROSN;D;240808;000000;50601;52354;50251;51998;5662
ROSN;D;240809;000000;52100;52464;51284;51450;2953
ROSN;D;240810;000000;51477;52029;51151;51585;3386
ROSN;D;240813;000000;51491;51501;50460;51105;3936
ROSN;D;240814;000000;51125;51481;50986;51256;2958
ROSN;D;240815;000000;51265;51644;50484;50610;3225
ROSN;D;240816;000000;50642;50768;50264;50317;2350
ROSN;D;240817;000000;50301;50500;49700;49869;3839
ROSN;D;240820;000000;49869;50149;48982;49112;6104
ROSN;D;240821;000000;49214;49675;48712;48912;3840
ROSN;D;240822;000000;48910;49264;48600;48884;3345
ROSN;D;240823;000000;48942;49020;48155;48347;3901
ROSN;D;240824;000000;48294;48544;47677;48447;10834
ROSN;D;240827;000000;48947;49697;48718;49635;6233
ROSN;D;240828;000000;49638;49667;48183;48304;2504
ROSN;D;240829;000000;48344;48477;46367;48408;6926
ROSN;D;240830;000000;48420;48959;47902;48748;5727
ROSN;D;240831;000000;48915;49338;47797;48100;12424
ROSN;D;240903;000000;47832;48093;45475;45852;9452
ROSN;D;240904;000000;45850;47506;45668;47168;9337
ROSN;D;240905;000000;47169;48644;46765;48088;5976
ROSN;D;240906;000000;48150;49000;47810;48161;3947
ROSN;D;240907;000000;48189;48687;47700;48204;2989
ROSN;D;240910;000000;48205;49667;48205;49658;2524
ROSN;D;240911;000000;49659;49806;47828;48451;14752
ROSN;D;240912;000000;48494;49128;47711;48046;6629
ROSN;D;240913;000000;48098;49200;47551;48972;5347
ROSN;D;240914;000000;48971;49960;47879;49913;11745
ROSN;D;240917;000000;50100;51717;49904;51717;12649
ROSN;D;240918;000000;51713;52000;50897;51826;4150
ROSN;D;240919;000000;54328;54711;53250;53718;4949
ROSN;D;240920;000000;53731;54302;53372;53870;4702
ROSN;D;240921;000000;53870;55418;53676;55345;5905
ROSN;D;240924;000000;55406;55725;54815;55102;5754
ROSN;D;240925;000000;55201;55212;54271;54634;3947
ROSN;D;240926;000000;54633;54939;53378;53720;4321
ROSN;D;240927;000000;53627;53996;53005;53666;3024
ROSN;D;240928;000000;53682;53745;53126;53472;2357
ROSN;D;241001;000000;53567;53929;52616;52970;4252
ROSN;D;241002;000000;52951;53538;51577;53314;7971
ROSN;D;241003;000000;53314;53400;51610;52235;9098
ROSN;D;241004;000000;52192;52456;51018;52266;10801
ROSN;D;241005;000000;52383;53031;51949;52322;5467
ROSN;D;241008;000000;52270;52711;51369;52380;10499
ROSN;D;241009;000000;52271;52550;51772;52150;5860
ROSN;D;241010;000000;52234;52234;51140;51463;5586
ROSN;D;241011;000000;51505;51862;51318;51720;2428
ROSN;D;241012;000000;51671;51747;50932;51101;3381
ROSN;D;241015;000000;51096;51990;50514;51410;7391
ROSN;D;241016;000000;51357;51812;51103;51690;5032
ROSN;D;241017;000000;51739;52249;51321;51535;6764
ROSN;D;241018;000000;51523;51523;50376;50486;4675
ROSN;D;241019;000000;50485;50632;49969;50567;3786
ROSN;D;241022;000000;50397;50722;50127;50130;3075
ROSN;D;241023;000000;50180;50205;49477;49620;5911
ROSN;D;241024;000000;49486;49618;48333;48508;3896
ROSN;D;241025;000000;48569;48790;48003;48582;5542
ROSN;D;241026;000000;48582;48600;47033;47076;10033
ROSN;D;241029;000000;46959;46964;44753;44965;8606
ROSN;D;241030;000000;45064;46072;44828;45685;8225
ROSN;D;241031;000000;45814;46369;45197;45229;6138
ROSN;D;241101;000000;45345;45522;44254;44768;7173
ROSN;D;241102;000000;44862;46255;44677;45798;8709
ROSN;D;241103;000000;45751;46920;45450;46849;7081
ROSN;D;241106;000000;47059;47777;47000;47346;8475
ROSN;D;241107;000000;47899;48895;47545;47924;11772
ROSN;D;241108;000000;47864;48762;46801;48750;5663
ROSN;D;241109;000000;48838;49332;48241;49300;8975
ROSN;D;241112;000000;49776;50961;49745;50268;8946
ROSN;D;241113;000000;50271;50551;49181;49407;5593
ROSN;D;241114;000000;49330;50471;48850;49100;6387
ROSN;D;241115;000000;49027;49455;48185;48466;5155
ROSN;D;241116;000000;48389;49105;47954;49040;4359
ROSN;D;241119;000000;48612;48736;47869;48150;4771
ROSN;D;241120;000000;48285;48330;46360;46870;8436
ROSN;D;241121;000000;46913;47185;45302;45763;7711
ROSN;D;241122;000000;45941;46815;45225;46815;7046
ROSN;D;241123;000000;46748;47278;45994;46710;5850
ROSN;D;241126;000000;46690;47417;45380;46089;12887
ROSN;D;241127;000000;46086;46650;45256;45857;7086
ROSN;D;241128;000000;45888;48199;45433;48115;14148
ROSN;D;241129;000000;48342;49287;47516;48164;7207
ROSN;D;241130;000000;48003;48979;47668;48396;7493
ROSN;D;241203;000000;48998;49696;48753;49525;7000
ROSN;D;241204;000000;49570;49888;48914;49674;4991
ROSN;D;241205;000000;49572;50215;47500;47815;11399
ROSN;D;241206;000000;47906;49839;47432;49302;10349
ROSN;D;241207;000000;49306;49636;48817;48972;5956
ROSN;D;241210;000000;49037;49964;49017;49414;5320
ROSN;D;241211;000000;49414;49656;48604;48989;5019
ROSN;D;241212;000000;48614;49376;48361;49202;4430
ROSN;D;241213;000000;49166;49744;48642;48846;7294
ROSN;D;241214;000000;48761;48946;47508;48622;10241
ROSN;D;241217;000000;48562;48562;47514;47911;6518
ROSN;D;241218;000000;47893;48305;47652;48190;7630
ROSN;D;241219;000000;48212;49068;48040;48850;3680
ROSN;D;241220;000000;48911;50657;48682;50389;6968
ROSN;D;241221;000000;50368;56087;49897;55482;13809
ROSN;D;241224;000000;55981;58107;55700;56706;10661
ROSN;D;241225;000000;56543;57597;56205;56595;6128
ROSN;D;241226;000000;56503;58120;56073;57756;5604
ROSN;D;241227;000000;57626;58295;57113;57224;4488
ROSN;D;241228;000000;57193;58974;56955;58219;7231
ROSN;D;241229;000000;58300;58885;58236;58604;3571
ROSN;D;241231;000000;58452;59445;58451;59445;4551
ROSN;D;250104;000000;59441;59652;57380;58208;4389
ROSN;D;250107;000000;58199;58395;57399;57641;3380
ROSN;D;250109;000000;57800;58189;57600;57903;3461
ROSN;D;250110;000000;57900;58356;55740;55981;16681
ROSN;D;250111;000000;56011;58959;56001;58423;20827
ROSN;D;250114;000000;58587;59153;56221;56881;15452
ROSN;D;250115;000000;56733;56880;55500;56343;9823
ROSN;D;250116;000000;56309;62917;55667;57061;8621
ROSN;D;250117;000000;57087;57691;56617;56867;6714
ROSN;D;250118;000000;56755;58028;56374;57625;5708
ROSN;D;250121;000000;57856;58100;55641;55903;9745
ROSN;D;250122;000000;55951;56464;55168;56255;5802
ROSN;D;250123;000000;56286;57140;55722;56019;5546
ROSN;D;250124;000000;56019;56365;55430;55900;5204
ROSN;D;250125;000000;55895;56063;55121;55400;4182
ROSN;D;250128;000000;55325;55326;53269;53480;7851
ROSN;D;250129;000000;53356;55373;53005;55373;9703
ROSN;D;250130;000000;55449;55650;54870;55260;5346
ROSN;D;250131;000000;55171;55380;54800;55232;3763
ROSN;D;250201;000000;55200;55555;53925;54317;5722
ROSN;D;250204;000000;54190;54343;53300;53410;5344
ROSN;D;250205;000000;53508;53973;53050;53331;3257
ROSN;D;250206;000000;53334;53855;52727;53765;6119
ROSN;D;250207;000000;53770;54603;53165;54369;6989
ROSN;D;250208;000000;54472;54943;54127;54292;4920
ROSN;D;250211;000000;54871;55642;54257;54567;5658
ROSN;D;250212;000000;54898;55489;54251;55264;6371
ROSN;D;250213;000000;55418;59650;55149;59210;16490
ROSN;D;250214;000000;59250;60465;57033;59524;13760
ROSN;D;250215;000000;59300;59808;56865;57357;14294
ROSN;D;250218;000000;57829;59838;57815;59779;5153
ROSN;D;250219;000000;59300;60489;57846;58627;9326
ROSN;D;250220;000000;58645;58997;57600;58606;6303
ROSN;D;250221;000000;58705;59547;58397;58780;4452
ROSN;D;250222;000000;58858;59155;57700;58090;3874
ROSN;D;250225;000000;58132;58299;56369;57890;7833
ROSN;D;250226;000000;57908;59730;57829;59028;8129
ROSN;D;250227;000000;59208;59230;57082;57743;6673
ROSN;D;250228;000000;57554;57991;55836;56090;8237
ROSN;D;250301;000000;56139;56940;54820;56340;8126
ROSN;D;250304;000000;56144;56144;54135;54670;7794
ROSN;D;250305;000000;55137;55949;53815;54773;10743
ROSN;D;250306;000000;54597;54670;53539;53643;6710
ROSN;D;250307;000000;53786;54196;53430;53626;5978
ROSN;D;250308;000000;53754;54218;52645;53258;6838
ROSN;D;250311;000000;53462;53881;52973;53244;5463
ROSN;D;250312;000000;53000;53531;52727;53105;7089
ROSN;D;250313;000000;52884;53833;52604;53649;6336
ROSN;D;250314;000000;53550;53975;52134;53154;9628
ROSN;D;250315;000000;52959;53437;52596;53207;5920
ROSN;D;250318;000000;53988;54534;53741;54178;6421
ROSN;D;250319;000000;54374;54461;52950;53661;9609
ROSN;D;250320;000000;56805;56980;56126;56759;3372
ROSN;D;250321;000000;56700;56913;55830;56701;3456
ROSN;D;250322;000000;56782;57300;56172;56495;5748
ROSN;D;250325;000000;56435;56498;54891;55089;5438
ROSN;D;250326;000000;55380;55396;53881;54999;4277
ROSN;D;250327;000000;55096;55096;53980;54101;2093
ROSN;D;250328;000000;54001;54005;52808;52809;5414
ROSN;D;250329;000000;52801;53499;52118;52475;4984
ROSN;D;250401;000000;52305;52305;50927;51549;6906
ROSN;D;250402;000000;52007;52291;49781;49890;7882
ROSN;D;250403;000000;49951;50666;49125;50079;9882
ROSN;D;250404;000000;50210;50276;47958;48599;7139
ROSN;D;250405;000000;48647;48863;46135;46219;14839
ROSN;D;250408;000000;45509;47659;43649;47110;23163
ROSN;D;250409;000000;47597;47784;44876;44876;12228
ROSN;D;250410;000000;44790;46965;43531;46547;21615
ROSN;D;250411;000000;46742;47358;45052;45620;13905
ROSN;D;250412;000000;46002;47164;45897;46957;6328
ROSN;D;250415;000000;47150;47791;46255;46640;5651
ROSN;D;250416;000000;46604;47150;46365;46950;3199
ROSN;D;250417;000000;46754;47628;46412;46996;5040
ROSN;D;250418;000000;47239;49588;47168;49506;7838
ROSN;D;250419;000000;49018;49343;48241;48460;11016
ROSN;D;250422;000000;48469;49666;48300;49380;6257
ROSN;D;250423;000000;49522;49935;48790;49485;6386
ROSN;D;250424;000000;49407;49407;47963;48417;5973
ROSN;D;250425;000000;48579;48651;47932;48129;3287
ROSN;D;250426;000000;48326;49716;48280;49575;9840
ROSN;D;250429;000000;49550;49843;48449;48963;7765
ROSN;D;250430;000000;48890;48890;47205;47344;5881
ROSN;D;250501;000000;47250;47465;46400;46930;6539
ROSN;D;250503;000000;46470;46489;44900;44900;3671
ROSN;D;250506;000000;44901;45216;43200;43930;9173
ROSN;D;250507;000000;43885;44860;43469;44420;8169
ROSN;D;250508;000000;44601;45250;44000;45060;5204
ROSN;D;250509;000000;45145;46046;45117;45601;4044
ROSN;D;250513;000000;46522;47408;46310;46828;5527
ROSN;D;250514;000000;46815;46835;46060;46711;2710
ROSN;D;250515;000000;46616;46630;44931;44963;3980
ROSN;D;250516;000000;45109;45680;44594;45238;5676
ROSN;D;250517;000000;45393;45398;44045;44910;5480
ROSN;D;250520;000000;45400;45692;44561;44810;4026
ROSN;D;250521;000000;44827;44878;43800;44015;3907
ROSN;D;250522;000000;44097;44234;43571;43746;2709
ROSN;D;250523;000000;43705;43802;42967;43175;4393
ROSN;D;250524;000000;43060;43245;42543;42712;4293
ROSN;D;250527;000000;42373;42422;41702;42128;3569
ROSN;D;250528;000000;41733;42542;41501;41940;5163
ROSN;D;250529;000000;42258;43496;42028;43393;5960
ROSN;D;250530;000000;43390;44339;43085;43140;11511
ROSN;D;250531;000000;43085;43850;42845;43258;5691
ROSN;D;250603;000000;42866;44501;42573;44383;7201
ROSN;D;250604;000000;44670;44984;44072;44961;7556
ROSN;D;250605;000000;44954;45464;43697;44052;8473
ROSN;D;250606;000000;44189;44652;43980;44310;7463
ROSN;D;250607;000000;44445;45397;43281;43300;12030
ROSN;D;250610;000000;43298;43356;42581;42846;5285
ROSN;D;250611;000000;43002;43259;40900;41396;16208
ROSN;D;250612;000000;41322;41975;41170;41871;8302
ROSN;D;250614;000000;43005;44630;42523;44599;21646
ROSN;D;250617;000000;44545;44860;43473;43850;19297
ROSN;D;250618;000000;44140;45833;43722;45800;13114
ROSN;D;250619;000000;46586;47071;45968;46690;5137
ROSN;D;250620;000000;46763;47100;46279;46681;4748
ROSN;D;250621;000000;46605;46624;45489;45777;5723
ROSN;D;250624;000000;46390;46685;44516;44977;14127
ROSN;D;250625;000000;44340;44692;43616;44500;11037
ROSN;D;250626;000000;44552;44735;44110;44367;3839
ROSN;D;250627;000000;44426;44454;44127;44233;3173
ROSN;D;250628;000000;44248;44733;43995;44608;6255
ROSN;D;250701;000000;44580;45195;44248;44965;4330
ROSN;D;250702;000000;44967;45473;44516;44655;4182
ROSN;D;250703;000000;44740;44768;43781;44182;6559
ROSN;D;250704;000000;44184;44343;43183;43330;5529
ROSN;D;250705;000000;43168;43505;43005;43120;5727
ROSN;D;250708;000000;43050;43368;42676;42979;4039
ROSN;D;250709;000000;43001;43127;41809;41864;6402
ROSN;D;250710;000000;41865;42137;40747;41305;8463
ROSN;D;250711;000000;41490;42028;41455;41549;4929
ROSN;D;250712;000000;41444;41480;40210;40400;6757
ROSN;D;250715;000000;40003;42666;39768;42467;10996
ROSN;D;250716;000000;42315;42403;41805;42115;4839
ROSN;D;250717;000000;42125;42764;41836;42357;4806
ROSN;D;250718;000000;42493;42962;42101;42270;6676
ROSN;D;250719;000000;42355;42920;41791;42836;8515
ROSN;D;250722;000000;43102;43332;42727;43131;4628
ROSN;D;250723;000000;43004;43322;42774;43260;3176
ROSN;D;250724;000000;43566;44037;43400;43715;4370
ROSN;D;250725;000000;43788;43854;43317;43415;3325
ROSN;D;250726;000000;43545;43748;42709;42985;6649
ROSN;D;250729;000000;43000;43625;42490;42612;8542
ROSN;D;250730;000000;42688;44176;42471;43804;13375
ROSN;D;250731;000000;43640;44232;42888;43066;7236
ROSN;D;250801;000000;43149;43405;42728;43143;3309
ROSN;D;250802;000000;43184;43400;42555;42736;4645
